[gd_scene load_steps=11 format=3 uid="uid://bsftpkiy7jpfw"]

[ext_resource type="PackedScene" uid="uid://c8i67xj5e4w5w" path="res://_Assets/MainMenuAssets/MainMenuEnvironment.glb" id="1_f1luv"]
[ext_resource type="Script" uid="uid://b517allv0c5ay" path="res://scripts/main_screen.gd" id="2_3wknm"]
[ext_resource type="PackedScene" uid="uid://ulrkcvrjw6a" path="res://MainMenu/main_screen.tscn" id="3_n2hbv"]
[ext_resource type="PackedScene" uid="uid://cqabda6hq2b16" path="res://MainMenu/main_menu_screen.tscn" id="4_10dnv"]

[sub_resource type="ProceduralSkyMaterial" id="ProceduralSkyMaterial_3wknm"]
sky_horizon_color = Color(0.66224277, 0.6717428, 0.6867428, 1)
ground_horizon_color = Color(0.66224277, 0.6717428, 0.6867428, 1)

[sub_resource type="Sky" id="Sky_3vi7k"]
sky_material = SubResource("ProceduralSkyMaterial_3wknm")

[sub_resource type="Environment" id="Environment_ramob"]
background_energy_multiplier = 0.0
sky = SubResource("Sky_3vi7k")
tonemap_mode = 3
ssao_enabled = true
sdfgi_enabled = true
glow_enabled = true
fog_enabled = true
fog_mode = 1
fog_light_color = Color(1, 1, 1, 1)
fog_light_energy = 1.92
fog_density = 1.0
fog_sky_affect = 0.0
fog_depth_curve = 5.09825
fog_depth_begin = 0.0
fog_depth_end = 80.8
volumetric_fog_enabled = true
volumetric_fog_density = 0.134
volumetric_fog_albedo = Color(1, 0.975, 0.95, 1)
adjustment_enabled = true
adjustment_brightness = 0.86
adjustment_contrast = 1.07
adjustment_saturation = 1.21

[sub_resource type="Animation" id="Animation_n2hbv"]
resource_name = "key_pressed"
length = 5.0
tracks/0/type = "value"
tracks/0/imported = false
tracks/0/enabled = true
tracks/0/path = NodePath("../outside_camera:position")
tracks/0/interp = 1
tracks/0/loop_wrap = true
tracks/0/keys = {
"times": PackedFloat32Array(0, 5),
"transitions": PackedFloat32Array(1, 1),
"update": 0,
"values": [Vector3(4.2275496, 3.0082934, -9.667266), Vector3(0.28, 2.312, 5.12)]
}
tracks/1/type = "value"
tracks/1/imported = false
tracks/1/enabled = true
tracks/1/path = NodePath("../outside_camera:rotation")
tracks/1/interp = 1
tracks/1/loop_wrap = true
tracks/1/keys = {
"times": PackedFloat32Array(0, 5),
"transitions": PackedFloat32Array(1, 1),
"update": 0,
"values": [Vector3(-0.22921412, 3.1244361, -2.0397003e-08), Vector3(-0.3036873, -2.2863812, 0)]
}

[sub_resource type="Animation" id="Animation_10dnv"]
length = 0.001
tracks/0/type = "value"
tracks/0/imported = false
tracks/0/enabled = true
tracks/0/path = NodePath("../outside_camera:position")
tracks/0/interp = 1
tracks/0/loop_wrap = true
tracks/0/keys = {
"times": PackedFloat32Array(0),
"transitions": PackedFloat32Array(1),
"update": 0,
"values": [Vector3(4.2275496, 3.0082934, -9.667266)]
}
tracks/1/type = "value"
tracks/1/imported = false
tracks/1/enabled = true
tracks/1/path = NodePath("../outside_camera:rotation")
tracks/1/interp = 1
tracks/1/loop_wrap = true
tracks/1/keys = {
"times": PackedFloat32Array(0),
"transitions": PackedFloat32Array(1),
"update": 0,
"values": [Vector3(-0.22921412, 3.1244361, -2.0397003e-08)]
}

[sub_resource type="AnimationLibrary" id="AnimationLibrary_uklki"]
_data = {
&"RESET": SubResource("Animation_10dnv"),
&"key_pressed": SubResource("Animation_n2hbv")
}

[node name="MainMenuMap" type="Node3D"]

[node name="MainMenuEnvironment" parent="." instance=ExtResource("1_f1luv")]
transform = Transform3D(0.1, 0, 0, 0, 0.1, 0, 0, 0, 0.1, 0, 0, 0)

[node name="WorldEnvironment" type="WorldEnvironment" parent="."]
environment = SubResource("Environment_ramob")

[node name="outside_camera" type="Camera3D" parent="."]
transform = Transform3D(-0.99985284, -0.0038979994, 0.01670697, -1.9863524e-08, 0.97384524, 0.22721227, -0.017155675, 0.22717883, -0.97370195, 4.2275496, 3.0082934, -9.667266)
fov = 69.8

[node name="DirectionalLight3D" type="DirectionalLight3D" parent="."]
transform = Transform3D(0.91767836, -0.1559998, -0.36541826, 0, -0.91969824, 0.39262608, -0.39732406, -0.36030447, -0.84398717, -13.1832485, 8.613484, -15.250948)
light_color = Color(0.56127834, 0.6417558, 0.71149427, 1)
light_energy = 1.193
light_bake_mode = 1
directional_shadow_mode = 0
sky_mode = 1

[node name="inside_camera" type="Camera3D" parent="."]
transform = Transform3D(-0.656059, 0.2255004, -0.7202335, -2.5373922e-08, 0.9543185, 0.29879093, 0.75470966, 0.19602454, -0.62608933, 0.27993846, 2.31187, 5.1198564)

[node name="MainMenu" type="Control" parent="."]
layout_mode = 3
anchors_preset = 15
anchor_right = 1.0
anchor_bottom = 1.0
grow_horizontal = 2
grow_vertical = 2
script = ExtResource("2_3wknm")

[node name="MainScreen" parent="MainMenu" instance=ExtResource("3_n2hbv")]
layout_mode = 1
script = null

[node name="MainMenuScreen" parent="MainMenu" instance=ExtResource("4_10dnv")]
layout_mode = 1

[node name="AnimationPlayer" type="AnimationPlayer" parent="MainMenu"]
libraries = {
&"": SubResource("AnimationLibrary_uklki")
}

[connection signal="animation_finished" from="MainMenu/AnimationPlayer" to="MainMenu" method="_on_animation_player_animation_finished"]

[editable path="MainMenuEnvironment"]
